QK,HKJ2,1,"Brighton MDU"
QK,HKJ3,2,"Croydon MDU"
QK,HKJ4,3,"London Bridge MDU"
QK,HKJ5,4,"Orpington MDU"
QK,HKJ6,5,"Ashford MDU"
